val_loss: [0.072510600752756, 0.040999799191241616, 0.03896792095367564, 0.03859542028339056, 0.031616640529689904, 0.027620295430417174, 0.03524406360408902, 0.045389573275906786, 0.040016438563244716, 0.040025151117080666]
val_acc: [0.9774, 0.9871, 0.988, 0.9876, 0.9899, 0.9914, 0.9899, 0.9884, 0.9911, 0.9902]
loss: [1.267171240111192, 0.09203115897774697, 0.06240605491834382, 0.04623747967332602, 0.038168789058427015, 0.03157161693732875, 0.026924012381835685, 0.024289910327348237, 0.022047044290641013, 0.01725089750556993]
acc: [0.87035, 0.9744666666348776, 0.9823999999682108, 0.9869833333333333, 0.9888833333333333, 0.9913833333333333, 0.9924833333333334, 0.9926166666348776, 0.9932833333333333, 0.9946666666666667]