val_loss: [14.548192669677734, 14.548192669677734, 14.548192669677734, 14.548192669677734, 14.548192669677734, 14.548192669677734, 14.548192669677734, 14.548192669677734, 14.548192669677734, 14.548192669677734]
val_acc: [0.0974, 0.0974, 0.0974, 0.0974, 0.0974, 0.0974, 0.0974, 0.0974, 0.0974, 0.0974]
loss: [14.549995229593913, 14.546312241617839, 14.546312282307943, 14.546312276713053, 14.5463122660319, 14.546312269592285, 14.546312254333497, 14.5463123046875, 14.546312269592285, 14.546312268575033]
acc: [0.09720000000794729, 0.09751666666467984, 0.09751666666666667, 0.09751666666666667, 0.09751666666666667, 0.09751666666467984, 0.09751666666269303, 0.09751666666666667, 0.09751666666269303, 0.09751666667064031]