val_loss: [0.07287286678440869, 0.07218056933478219, 0.04356206440917449, 0.0479086990305258, 0.034766857223280385, 0.040783521726292384, 0.03893197730512184, 0.04411652763255172, 0.037197625794677176, 0.060675099823770964]
val_acc: [0.9752, 0.9777, 0.9878, 0.9871, 0.9906, 0.9892, 0.9909, 0.9921, 0.9912, 0.9901]
loss: [4.065475539633135, 0.06860445724551877, 0.04385375892793139, 0.03203419691802313, 0.02445137719574074, 0.019214778267638757, 0.013794891902750047, 0.01113076789927436, 0.010265085565376406, 0.007987165935564311]
acc: [0.7169333333333333, 0.97925, 0.9870499999682109, 0.9905499999682108, 0.9925833333015441, 0.9942833333333333, 0.9953666666666666, 0.9965833333333334, 0.99695, 0.9974166666348775]