val_loss: [0.06279775281138718, 0.037851473890966734, 0.04113587495973334, 0.032250260877481195, 0.03586286138151772, 0.045321246469823016, 0.036482465715166494, 0.047048638365094486, 0.035738031881601844, 0.03909784313299788]
val_acc: [0.9809, 0.9878, 0.9876, 0.9905, 0.9898, 0.9897, 0.9918, 0.9906, 0.9931, 0.9914]
loss: [4.219917712918917, 0.06404763817364971, 0.03860487424805761, 0.02769338132745276, 0.0184962190300071, 0.014162703018693719, 0.011223440944896235, 0.008106366507296722, 0.008511466829299328, 0.007024761068098329]
acc: [0.7119666666984558, 0.9809, 0.9882666666348775, 0.9920833333333333, 0.9939999999682109, 0.9956833333333334, 0.9966333333333334, 0.9975333333333334, 0.9975333333333334, 0.9978333333333333]