val_loss: [0.0821185331210494, 0.05289268549610861, 0.040844825612939895, 0.053360702246753496, 0.03955878324762743, 0.03660632522544474, 0.03660786089906178, 0.02895227893480842, 0.03813499925002088, 0.03464785061232542]
val_acc: [0.9751, 0.9833, 0.9879, 0.9856, 0.9881, 0.9912, 0.9909, 0.9923, 0.992, 0.9915]
loss: [1.0353339404503505, 0.10985812601049741, 0.07635679498612881, 0.05876677779406309, 0.04913633002564311, 0.041196327429482094, 0.0365057971102496, 0.03040360930059105, 0.029191497586543363, 0.027055965989564234]
acc: [0.86855, 0.9688000000317891, 0.9782833333651225, 0.9834999999682108, 0.9862666666348775, 0.9888833333015442, 0.9897166666666667, 0.9915999999682109, 0.9921166666348775, 0.9925]