val_loss: [0.09586201278287917, 0.05106436773106689, 0.0670530995436944, 0.03882287067612924, 0.03871036211944738, 0.039045585704433686, 0.032662052568502256, 0.03439060355650617, 0.06084853713287848, 0.0430424266291513]
val_acc: [0.9729, 0.9858, 0.9815, 0.9894, 0.9886, 0.9893, 0.9902, 0.9908, 0.9853, 0.9903]
loss: [1.2708144155581793, 0.14218266521294912, 0.09997063728173573, 0.08069972829421361, 0.06665319061378638, 0.058253155965606374, 0.05535595564320683, 0.04833044380793969, 0.046991548681321244, 0.042442824109146994]
acc: [0.8289333333015442, 0.9603833333333334, 0.97175, 0.9772666666348775, 0.9806666666984558, 0.9839333333015442, 0.9848500000317891, 0.9862166666666666, 0.9872666666348775, 0.9882666666348775]