val_loss: [0.06160481922440231, 0.04309522850532085, 0.0362459140893945, 0.03242153254649602, 0.028795791736492538, 0.031803487146332916, 0.029547996352498013, 0.03394678590543022, 0.030437217460153626, 0.03155465904137445]
val_acc: [0.9806, 0.9867, 0.9884, 0.99, 0.9922, 0.9921, 0.9921, 0.9922, 0.991, 0.9927]
loss: [1.087862781937917, 0.09914503045678139, 0.06767598332762718, 0.05606262901723385, 0.045848759792993465, 0.037315062412743766, 0.03527949024370561, 0.03172715288925295, 0.030014619634176294, 0.0244740925681137]
acc: [0.8739999999682109, 0.9721333333015442, 0.9810500000317891, 0.9845999999682109, 0.9877333333333334, 0.9895666666666667, 0.9903166666666666, 0.9910500000317891, 0.9916166666666667, 0.99335]