val_loss: [0.06223989515472204, 0.046500223443497087, 0.04565275855007349, 0.04133403102592565, 0.03366689765278716, 0.04213094012018992, 0.04353402938900017, 0.04106217303459234, 0.04593793785140288, 0.044260782772738504]
val_acc: [0.982, 0.9857, 0.987, 0.9875, 0.9904, 0.9906, 0.9901, 0.9899, 0.9919, 0.9899]
loss: [3.76007706339558, 0.07702773342579604, 0.05025179168519874, 0.036040408464055505, 0.028494053129898386, 0.023608070991591863, 0.019598097892912725, 0.015599209646740927, 0.014228943472033522, 0.013177385283147063]
acc: [0.7280500000317891, 0.9776166666984558, 0.9855500000317892, 0.9892666666984559, 0.9914499999682108, 0.9927333333333334, 0.9939833333015442, 0.9957166666348776, 0.99545, 0.9959833333333333]