val_loss: [0.06463488846085966, 0.04420441526137293, 0.03788237941111438, 0.031508134901477025, 0.032124101113314825, 0.029958413883855974, 0.034418878505250904, 0.03141813222466644, 0.036221210223965315, 0.033606847049860514]
val_acc: [0.9794, 0.9849, 0.9895, 0.9904, 0.9907, 0.9917, 0.9902, 0.9921, 0.9915, 0.9912]
loss: [1.1837877979397773, 0.08176504719654719, 0.05541630401735505, 0.04410606809320549, 0.0362508582400158, 0.02965674489144391, 0.025317982227432853, 0.021786693842569368, 0.021666208812811723, 0.01772718420519571]
acc: [0.8815000000317892, 0.9765500000317892, 0.9837000000317891, 0.9869666666348775, 0.9890499999682109, 0.99125, 0.9926166666984558, 0.9934666666666667, 0.9938333333651225, 0.9945666666348775]