val_loss: [0.055467239631712434, 0.04237907563378103, 0.04506367813474499, 0.036360893823427616, 0.04486665834908781, 0.030056220986870177, 0.038798008935746656, 0.03625855007316713, 0.041730452986500494, 0.03416790649934846]
val_acc: [0.9819, 0.9864, 0.9864, 0.989, 0.987, 0.992, 0.9905, 0.9905, 0.9901, 0.9912]
loss: [1.5195928503990173, 0.07355552095522483, 0.051717242543399336, 0.0391379483225445, 0.02939055283004418, 0.023827022501515846, 0.01962803002540022, 0.01711941232458921, 0.01439145119973109, 0.012255368937471213]
acc: [0.8638833333015442, 0.9785, 0.9847166666348776, 0.98855, 0.9909500000317891, 0.9928833333333333, 0.99405, 0.9947000000317892, 0.9956166666666667, 0.9961333333015442]