val_loss: [0.40308751888275146, 0.05043380821812898, 0.03855905575789511, 0.03532045093420893, 0.039379236978998054, 0.04101655214865459, 0.040814239665927926, 0.0370651983095966, 0.03821404815649766, 0.04432169317509965]
val_acc: [0.8712, 0.9848, 0.9886, 0.9884, 0.9889, 0.9891, 0.9902, 0.9905, 0.9915, 0.9911]
loss: [13.848158767827352, 0.12494109558860461, 0.05339778418069085, 0.03668375096221765, 0.02551995287220925, 0.020362073068274186, 0.01644786667409353, 0.012134602587602178, 0.011248970870885144, 0.007641454950202993]
acc: [0.1303833333015442, 0.9624166666348776, 0.9847500000317891, 0.9891166666348775, 0.99225, 0.9938499999682109, 0.9950833333333333, 0.9961999999682108, 0.9966166666666667, 0.9975333333333334]