val_loss: [0.0691528248927556, 0.05379175321673974, 0.035755534057924525, 0.0327157019284321, 0.03445947636922938, 0.03670121198880952, 0.038534687565306376, 0.03443237885183371, 0.03726143416321866, 0.0433195324133369]
val_acc: [0.9791, 0.9837, 0.988, 0.9899, 0.9905, 0.9913, 0.9912, 0.993, 0.9929, 0.9904]
loss: [1.1640852673371633, 0.06885889690766732, 0.047311192135264475, 0.03710950129320845, 0.027440000849900146, 0.023374291077721866, 0.01983802491122818, 0.015845212969432275, 0.014141714845952811, 0.01274631988479523]
acc: [0.8899499999682109, 0.9798333333015442, 0.98595, 0.9886833333651225, 0.9916499999682109, 0.9927833333333334, 0.9943666666348775, 0.9951999999682108, 0.9958, 0.9962166666666666]