val_loss: [0.0577524869651279, 0.0504694998913189, 0.04421863971779389, 0.0360940515656172, 0.042376847933418636, 0.03855167216236482, 0.04996676275870614, 0.052844267605569255, 0.04896551368214928, 0.06711580145914854]
val_acc: [0.9827, 0.9861, 0.9884, 0.9896, 0.99, 0.9911, 0.989, 0.9878, 0.9905, 0.9889]
loss: [1.636101823833119, 0.07649008587303106, 0.057357034521454506, 0.04923314146436993, 0.0481570162167414, 0.04341723267450173, 0.04342405058706636, 0.04548983208241272, 0.046281905495389665, 0.042869048355573466]
acc: [0.8621, 0.9793166666666666, 0.98445, 0.9869833333333333, 0.9881, 0.9895, 0.9900333333333333, 0.9900833333333333, 0.99075, 0.99135]