val_loss: [0.059766364331122895, 0.03643275304016674, 0.043414838236832294, 0.052775845304778975, 0.042303523263231634, 0.0491733040949639, 0.05497246872094752, 0.04866050780294472, 0.06228066500022012, 0.04576134237529566]
val_acc: [0.9821, 0.9904, 0.9882, 0.9891, 0.9906, 0.9885, 0.991, 0.9889, 0.9892, 0.9925]
loss: [1.1773004586997908, 0.05617356646466506, 0.04297150358994052, 0.03110838514619266, 0.0294322940409752, 0.023321227237353703, 0.020850016581861565, 0.01869711818229123, 0.01866281941964528, 0.017813930080223955]
acc: [0.89485, 0.9844833333333334, 0.9883, 0.9915333333333334, 0.99195, 0.99345, 0.9948, 0.9955666666666667, 0.99575, 0.9961]