val_loss: [0.0637125049287395, 0.046265336311454304, 0.06343423159965532, 0.056048247827750856, 0.05177568101091556, 0.04772728441769141, 0.0753616438532224, 0.06490508304544747, 0.0657378008411476, 0.06144486879181886]
val_acc: [0.9795, 0.9862, 0.9832, 0.9886, 0.9873, 0.9873, 0.9863, 0.9856, 0.987, 0.9868]
loss: [2.619122613041041, 0.09651707102730676, 0.07589498508800267, 0.06960559861147297, 0.06527096212334664, 0.06329856210564135, 0.059145030447325025, 0.060084005569581385, 0.0598847695139873, 0.06397077625895861]
acc: [0.7949666666666667, 0.97345, 0.9801166666666666, 0.9831666666666666, 0.9845166666666667, 0.9856666666666667, 0.98615, 0.9867333333333334, 0.98705, 0.9862166666666666]