val_loss: [14.680361024475097, 14.680361024475097, 14.680361024475097, 14.680361024475097, 14.680361024475097, 14.680361024475097, 14.680361024475097, 14.680361024475097, 14.680361024475097, 14.680361024475097]
val_acc: [0.0892, 0.0892, 0.0892, 0.0892, 0.0892, 0.0892, 0.0892, 0.0892, 0.0892, 0.0892]
loss: [14.661902884928386, 14.661825275675456, 14.66182525990804, 14.661825280761718, 14.66182527770996, 14.66182526957194, 14.661825263468424, 14.661825247192382, 14.661825269063314, 14.661825272623698]
acc: [0.09031666666666667, 0.09035, 0.09035, 0.09035, 0.09035, 0.09035, 0.09035, 0.09035, 0.09035, 0.09035]