val_loss: [14.454707762145997, 14.454707762145997, 14.454707762145997, 14.454707762145997, 14.454707762145997, 14.454707762145997, 14.454707762145997, 14.454707762145997, 14.454707762145997, 14.454707762145997]
val_acc: [0.1032, 0.1032, 0.1032, 0.1032, 0.1032, 0.1032, 0.1032, 0.1032, 0.1032, 0.1032]
loss: [14.51862325032552, 14.517568362935384, 14.517568324279786, 14.517568347167968, 14.517568362935384, 14.51756834157308, 14.51756836496989, 14.517568353271484, 14.517568353271484, 14.517568359375]
acc: [0.09921666666666666, 0.0993, 0.0993, 0.0993, 0.0993, 0.0993, 0.0993, 0.0993, 0.0993, 0.0993]