val_loss: [0.06194241664245274, 0.04269051907063804, 0.04364839401551076, 0.04796360048782194, 0.044951467755289694, 0.08219282019840335, 0.06748134457159381, 0.05405324113029094, 0.06964440251100627, 0.07298295765477951]
val_acc: [0.9825, 0.9872, 0.9892, 0.9888, 0.9894, 0.987, 0.9883, 0.9901, 0.9903, 0.9896]
loss: [1.9253950179313, 0.08234342820752256, 0.06198255582256188, 0.053017682084161785, 0.04784514653679302, 0.0420403782491763, 0.0445782067781787, 0.04093324717460569, 0.04058238486036001, 0.03469897176336227]
acc: [0.84385, 0.9783166666666666, 0.9834833333333334, 0.9869, 0.9888166666666667, 0.98985, 0.9899333333333333, 0.9907166666666667, 0.9922333333333333, 0.9925333333333334]