val_loss: [14.49177936706543, 14.49177936706543, 14.49177936706543, 14.49177936706543, 14.49177936706543, 14.49177936706543, 14.49177936706543, 14.49177936706543, 14.49177936706543, 14.49177936706543]
val_acc: [0.1009, 0.1009, 0.1009, 0.1009, 0.1009, 0.1009, 0.1009, 0.1009, 0.1009, 0.1009]
loss: [14.52106083424886, 14.519986042785645, 14.519986073811848, 14.519986063639323, 14.519986053975423, 14.51998606262207, 14.519986064656576, 14.519986072794596, 14.519986056518555, 14.51998604888916]
acc: [0.09903333333333333, 0.09915, 0.09915, 0.09915, 0.09915, 0.09915, 0.09915, 0.09915, 0.09915, 0.09915]