val_loss: [14.680361024475097, 14.680361024475097, 14.680361024475097, 14.680361024475097, 14.680361024475097, 14.680361024475097, 14.680361024475097, 14.680361024475097, 14.680361024475097, 14.680361024475097]
val_acc: [0.0892, 0.0892, 0.0892, 0.0892, 0.0892, 0.0892, 0.0892, 0.0892, 0.0892, 0.0892]
loss: [14.554470065307617, 14.661825241597494, 14.661825256347656, 14.661825266011556, 14.661825273132324, 14.661825272623698, 14.66182527770996, 14.661825262959798, 14.661825272115072, 14.661825253804524]
acc: [0.09698333333333334, 0.09035, 0.09035, 0.09035, 0.09035, 0.09035, 0.09035, 0.09035, 0.09035, 0.09035]