val_loss: [0.08388378725210205, 0.05356982554809292, 0.05931591073979798, 0.041504122457434275, 0.04738476385571503, 0.059584810039762855, 0.0500507842547092, 0.057480900251744654, 0.04040059795869833, 0.05226019796323442]
val_acc: [0.9722, 0.9853, 0.9837, 0.9882, 0.9885, 0.988, 0.9881, 0.9893, 0.9904, 0.9891]
loss: [8.35014773234902, 0.09080171701081174, 0.06038221025428939, 0.0485545379680585, 0.042024490837172745, 0.036657671623886806, 0.03284862069795746, 0.03094466557998672, 0.02584405846141149, 0.025850042425769108]
acc: [0.4614666666666667, 0.9740666666666666, 0.9831833333333333, 0.9869666666666667, 0.9893666666666666, 0.9904833333333334, 0.9915666666666667, 0.9925166666666667, 0.9940166666666667, 0.9935666666666667]