val_loss: [0.054131992495353186, 0.057510666719672324, 0.04562922310721083, 0.04630616757223338, 0.05640598246739919, 0.059273567138345015, 0.07062292503088886, 0.10044175389129668, 0.06598863101379811, 0.06431328780724935]
val_acc: [0.9839, 0.9873, 0.9874, 0.9887, 0.9879, 0.9885, 0.9894, 0.9804, 0.9892, 0.9882]
loss: [0.7666366107917701, 0.09267364157903746, 0.07601086282067239, 0.07097796571513651, 0.06999629234414777, 0.06973006651752835, 0.07015086758702026, 0.06930158418628747, 0.07332761376646413, 0.06970675756735846]
acc: [0.8958, 0.97555, 0.98085, 0.9832333333333333, 0.98365, 0.9848166666666667, 0.9854666666666667, 0.9864333333333334, 0.9856666666666667, 0.9858833333333333]