val_loss: [0.06850006741384859, 0.043502058337489186, 0.055927380226875906, 0.052482829012002546, 0.04693120142121634, 0.05647937161570987, 0.05871399659327235, 0.10018901328983484, 0.08510129134428979, 0.060276861903916054]
val_acc: [0.9798, 0.9888, 0.9849, 0.9893, 0.9902, 0.9883, 0.9891, 0.975, 0.9854, 0.9881]
loss: [1.5620534208528698, 0.12068708308126468, 0.0938274424994579, 0.09030693028045716, 0.08817480831141011, 0.09302419870214478, 0.09127711969572509, 0.09537872608770119, 0.09850117310131261, 0.09462396790541384]
acc: [0.83875, 0.9686, 0.9766333333333334, 0.9792333333333333, 0.9797833333333333, 0.9794, 0.9810833333333333, 0.9803666666666667, 0.9794166666666667, 0.9810833333333333]