val_loss: [0.09796783132338169, 0.053590713013946696, 0.04812435628305975, 0.0569535215486655, 0.04003520086303206, 0.07163452058303983, 0.04893081737387956, 0.04456906319010495, 0.05218583758727832, 0.05660749522427757]
val_acc: [0.9737, 0.9862, 0.9862, 0.9861, 0.9895, 0.9884, 0.9898, 0.9894, 0.99, 0.9907]
loss: [2.8966775933306663, 0.07455526198193353, 0.05541048532514675, 0.04742058424216539, 0.04369862945115445, 0.040543542866421436, 0.03670773998574197, 0.037127514899660506, 0.03335106124828981, 0.033082586565733464]
acc: [0.7840833333333334, 0.9799, 0.9852333333333333, 0.98755, 0.9888666666666667, 0.9901, 0.9913333333333333, 0.9917666666666667, 0.9923333333333333, 0.9925]