val_loss: [0.04935215880861506, 0.043180396440363256, 0.032175401396426606, 0.03793053070808092, 0.03442196903899967, 0.03709336503636096, 0.036444143508508206, 0.04163602107155975, 0.037548711320117584, 0.05058267306243228]
val_acc: [0.9832, 0.9875, 0.9897, 0.9893, 0.9896, 0.9906, 0.9904, 0.9906, 0.9898, 0.9908]
loss: [2.002865377796193, 0.08529478419329971, 0.06168726220482495, 0.05183152935845234, 0.044441117962868884, 0.04147898172202695, 0.03894769658363269, 0.03347026246919753, 0.03564108287658437, 0.035558532434959184]
acc: [0.8287166666666667, 0.9768333333333333, 0.9830833333333333, 0.9860833333333333, 0.9875166666666667, 0.9892, 0.98975, 0.9912, 0.9907166666666667, 0.9913333333333333]