val_loss: [0.05728284450983047, 0.037581120624767206, 0.04507315530779306, 0.037272890739609287, 0.03895595984393421, 0.03879478204011602, 0.04208598959662295, 0.035989782273088806, 0.04755832957497614, 0.03990344946951072]
val_acc: [0.9824, 0.9896, 0.9874, 0.9899, 0.991, 0.9915, 0.9907, 0.9915, 0.9908, 0.9923]
loss: [0.9686538420741757, 0.07525308355541589, 0.057370356052617234, 0.04480754262168581, 0.03766694410771597, 0.032510962484158884, 0.030463202439191324, 0.025257721058073185, 0.02282930787856879, 0.023594216727933524]
acc: [0.8983666666666666, 0.9795333333333334, 0.9838333333333333, 0.98775, 0.9898666666666667, 0.9910833333333333, 0.9919, 0.9932166666666666, 0.9936833333333334, 0.9936666666666667]