val_loss: [0.054438065786845985, 0.05653812480960041, 0.048817751511008825, 0.037242916435583175, 0.037664642055433614, 0.03745802936810178, 0.03733003654731219, 0.051013114208379215, 0.06165211131454673, 0.04629742831942278]
val_acc: [0.9822, 0.9829, 0.9867, 0.9903, 0.9906, 0.9909, 0.9909, 0.9906, 0.9898, 0.9907]
loss: [1.6637156989437838, 0.060987330986869835, 0.040227483787472984, 0.029889736489256028, 0.02373588799466185, 0.01971722568103881, 0.015165924760323711, 0.012976504621079585, 0.011311126618650967, 0.01125430172169046]
acc: [0.8617833333333333, 0.9832833333333333, 0.9883, 0.99145, 0.9934, 0.9941833333333333, 0.9953666666666666, 0.9965166666666667, 0.9965333333333334, 0.99675]