val_loss: [0.06430415637744591, 0.13371544101797045, 0.04079808171961995, 0.04394722848346282, 0.044182464856519076, 0.033083712111131716, 0.049863469193426775, 0.045489161859912294, 0.04348263643926025, 0.04632818732080514]
val_acc: [0.9786, 0.9614, 0.9881, 0.9869, 0.9888, 0.991, 0.9898, 0.9899, 0.9912, 0.9917]
loss: [1.7760851660410564, 0.06940235491606096, 0.04975021132412367, 0.0368822405798157, 0.030918544793928353, 0.025647483081198758, 0.021975061848804003, 0.01930196060269821, 0.01844011591826799, 0.01646913635691967]
acc: [0.8554333333333334, 0.9793833333333334, 0.9860166666666667, 0.9891333333333333, 0.9914833333333334, 0.99285, 0.9939833333333333, 0.99455, 0.9952, 0.9953]