val_loss: [0.06622075102245435, 0.05264682183019467, 0.04239575161887915, 0.036375398454689276, 0.052562985582687176, 0.03619425686934101, 0.03897009898227143, 0.0455636185868746, 0.05003379978539824, 0.03763695483180054]
val_acc: [0.9805, 0.9849, 0.9876, 0.9899, 0.9868, 0.9911, 0.9911, 0.99, 0.9908, 0.9916]
loss: [1.400816405059273, 0.07492094536063572, 0.05657563454826983, 0.043671586892328924, 0.03515886923324627, 0.031071494655918408, 0.028251822692174997, 0.02570043352551147, 0.022369441464569446, 0.01869521264423847]
acc: [0.8730666666666667, 0.97845, 0.9844166666666667, 0.9883833333333333, 0.9896, 0.9915166666666667, 0.9926333333333334, 0.9929, 0.9944, 0.9954666666666667]