val_loss: [0.06049818265679641, 0.05135687126663979, 0.041520379713084546, 0.044717515932832796, 0.04046351507841182, 0.04003723055082883, 0.051492962103854734, 0.05561796430102777, 0.05277304555891742, 0.06159672678995987]
val_acc: [0.9817, 0.9841, 0.987, 0.9885, 0.9907, 0.9903, 0.9884, 0.9899, 0.9912, 0.9901]
loss: [3.978876798652609, 0.06085582932131365, 0.03862694492636947, 0.027638912129289626, 0.021130441469778695, 0.018259019857542445, 0.012987749280386015, 0.011821526627476835, 0.010056863125466301, 0.008151299275399895]
acc: [0.7235166666666667, 0.9824833333333334, 0.9886833333333334, 0.9918666666666667, 0.9936, 0.9948333333333333, 0.9962666666666666, 0.9964833333333334, 0.9973166666666666, 0.9977166666666667]