val_loss: [0.14657001118808985, 0.04285816201316193, 0.03973025229220875, 0.04662065766381566, 0.041605704668675934, 0.06425546273399509, 0.10230689198050769, 0.0604328965511809, 0.05037418038527803, 0.04790574482074892]
val_acc: [0.96, 0.9863, 0.9885, 0.9857, 0.9893, 0.9879, 0.9814, 0.9881, 0.9901, 0.9918]
loss: [10.145928127985199, 0.09116787914826224, 0.0444116661907717, 0.029950987924895405, 0.021704400656838697, 0.016441043997874296, 0.012862511647450446, 0.010551916953934733, 0.008044483655189833, 0.006073555633159246]
acc: [0.36018333333333336, 0.9734333333333334, 0.9869166666666667, 0.9914833333333334, 0.99405, 0.9951833333333333, 0.9967, 0.99695, 0.9976333333333334, 0.9985666666666667]