val_loss: [0.05503327246238478, 0.044385380002920284, 0.03757938151015551, 0.041644616644940104, 0.04091962430875883, 0.04780319385657858, 0.05134855270237413, 0.045153250148543884, 0.04784799996406832, 0.06012258834043869]
val_acc: [0.9826, 0.9866, 0.9881, 0.9876, 0.9895, 0.989, 0.9896, 0.9907, 0.9911, 0.9898]
loss: [3.6575483542020124, 0.06607887097966547, 0.043719408002334724, 0.02981617442891729, 0.02638041036820214, 0.02054391097080855, 0.018245522086818438, 0.014561338466383161, 0.013712117112298408, 0.012087001665383998]
acc: [0.7436166666666667, 0.9812166666666666, 0.9871, 0.9911666666666666, 0.99295, 0.9941666666666666, 0.9951166666666666, 0.9962, 0.9961666666666666, 0.99665]