val_loss: [0.06851557676328812, 0.06693610389735549, 0.03957984023973695, 0.040515933637012676, 0.05192372835460374, 0.04239394076289063, 0.056252753022986234, 0.048918059038883896, 0.046219382551176386, 0.04528244011871075]
val_acc: [0.979, 0.9821, 0.9888, 0.9895, 0.989, 0.9906, 0.9886, 0.9893, 0.9902, 0.9903]
loss: [2.7145341122359037, 0.07322245945439984, 0.05110182142864214, 0.03824213958752807, 0.03405892377353569, 0.02892305613734643, 0.02309547761401321, 0.021737469391985877, 0.017979180793896224, 0.01812748151800682]
acc: [0.7968333333333333, 0.9789666666666667, 0.9854833333333334, 0.9887, 0.99035, 0.9916833333333334, 0.9935666666666667, 0.9944166666666666, 0.9949833333333333, 0.9949333333333333]