val_loss: [0.0634197222000541, 0.05455567991234875, 0.0601475360970584, 0.04131221075311869, 0.048117554006219504, 0.0406410725948841, 0.042241568044107405, 0.04435904078066014, 0.04547478346601347, 0.04307167457451751]
val_acc: [0.983, 0.9851, 0.9849, 0.9897, 0.987, 0.9909, 0.99, 0.9899, 0.9915, 0.9902]
loss: [1.2521978453745444, 0.12082781961808602, 0.08974510486455013, 0.07473940115839553, 0.06794105538132135, 0.06314187768431148, 0.06368814609992454, 0.058049489936055035, 0.05934079919725749, 0.05896300935725121]
acc: [0.8402166666666666, 0.96765, 0.97695, 0.9804666666666667, 0.9834666666666667, 0.98425, 0.9849833333333333, 0.9859833333333333, 0.9863333333333333, 0.9867333333333334]