val_loss: [0.06751474557321054, 0.04725026851100556, 0.04082796944502043, 0.04346105026871373, 0.05052781540824792, 0.04399636263095245, 0.039054812779029204, 0.05662293380926371, 0.05178407541373965, 0.042560291809069166]
val_acc: [0.979, 0.9864, 0.9884, 0.9885, 0.9884, 0.9885, 0.9906, 0.9899, 0.9892, 0.9899]
loss: [1.1295449665755033, 0.070949111074768, 0.047576230961604356, 0.03732387256909181, 0.02886879160254648, 0.025588892514757027, 0.02251986251842615, 0.020387609893082193, 0.017135925350248302, 0.01809369287581209]
acc: [0.8889333333333334, 0.9796833333333334, 0.9865166666666667, 0.9897833333333333, 0.9921833333333333, 0.9928666666666667, 0.9937833333333334, 0.9949833333333333, 0.9954166666666666, 0.9953666666666666]