val_loss: [0.051501266511484574, 0.04859652628374897, 0.041565225759207895, 0.032927614258529775, 0.03746598129810864, 0.03652659875207355, 0.036285124716981226, 0.05480718572957221, 0.042565694897251795, 0.04510697030619658]
val_acc: [0.9851, 0.9867, 0.9891, 0.9905, 0.9914, 0.9911, 0.9916, 0.9896, 0.9901, 0.9918]
loss: [1.0208875781585773, 0.09300344868227839, 0.0648276854977943, 0.05552044325651756, 0.04657492733032753, 0.04275598551842486, 0.03970821022822832, 0.038711166294774134, 0.03517923011140568, 0.032412633219732166]
acc: [0.8819333333333333, 0.9750166666666666, 0.9821, 0.9855833333333334, 0.988, 0.9890833333333333, 0.9897666666666667, 0.9902666666666666, 0.9913833333333333, 0.9924666666666667]