val_loss: [0.19521379940617414, 0.10259725840901968, 0.27241876721440816, 0.04915484177131968, 0.12145423461142794, 0.05199656327508412, 0.09874295761509491, 0.08697549669113512, 0.09261190891267275, 0.07285423178512733, 0.10347186072025599, 0.051898379703403635, 0.10913977932536233, 0.005035452411042685, 8.384498527384093e-05, 0.04452524758177143, 0.05948046864831767, 0.08930024608969434, 0.04455469257729741, 0.04748754541042973]
val_acc: [0.9834254143646409, 0.988950276243094, 0.9806629834254144, 0.9917127071823204, 0.9861878453038674, 0.994475138121547, 0.9917127071823204, 0.994475138121547, 0.988950276243094, 0.994475138121547, 0.988950276243094, 0.994475138121547, 0.9917127071823204, 0.9972375690607734, 1.0, 0.9972375690607734, 0.994475138121547, 0.994475138121547, 0.9972375690607734, 0.994475138121547]
loss: [0.13203787623237467, 0.03450897354730958, 0.014206098618420414, 0.017766094681772603, 0.012311873853458987, 0.011424120073188852, 0.01313934839785697, 0.010979201297762435, 0.011498918021411291, 0.011042206264363504, 0.011178005924077545, 0.011439920867820228, 0.01299976765962342, 0.012382552851141386, 0.010868568729354385, 0.011049721358549387, 0.011278047282572179, 0.010745868962799455, 0.010774118981175848, 0.010745517500293423]
acc: [0.9889866634209951, 0.9974133319854737, 0.9988266660372416, 0.998666665951411, 0.9990399994850159, 0.9991999995708466, 0.9990933328469594, 0.9992799996137619, 0.9992266662518183, 0.9992799996137619, 0.9993066662947336, 0.9992533329327902, 0.9990666661659876, 0.999146666208903, 0.9993066662947336, 0.9992533329327902, 0.9992799996137619, 0.9993333329757055, 0.9993066662947336, 0.9993333329757055]