val_loss: [0.06785524891081611, 0.05635000669716878, 0.055829422365500134, 0.09388370522302375, 0.07253580512207404, 0.07373528186211631, 0.13081377101944328, 0.07600854207022656, 0.1071398406747687, 0.14735233852339105, 0.11454633092552638, 0.1243325825180309, 0.07915069377948437, 0.11072184652739925, 0.13942967934773318, 0.11817620917578422, 0.1101493835869567, 0.12527577336355938, 0.1479964051501102, 0.12614599557665143, 0.11395089337093565, 0.1072736593990062, 0.08678275439485295, 0.11655022450507904, 0.12857632311500486, 0.09989289509344434, 0.12093095116300588, 0.12245467637417451, 0.11674782226329677, 0.12202924611672475]
val_acc: [0.9851, 0.9878, 0.9896, 0.9875, 0.9872, 0.991, 0.9833, 0.9906, 0.9888, 0.9887, 0.9892, 0.9815, 0.9922, 0.9912, 0.9896, 0.9913, 0.9917, 0.9909, 0.99, 0.9912, 0.9922, 0.9915, 0.9934, 0.9917, 0.9912, 0.9933, 0.992, 0.9919, 0.9922, 0.9919]
loss: [2.8978012440564527, 0.07349578186513676, 0.06380782893594703, 0.06085458382651473, 0.06305141976037516, 0.06455610299878688, 0.0639267335787984, 0.09160453294378745, 0.07725524808617296, 0.08671585885674331, 0.07347791631250283, 0.07973986142027652, 0.0785380710853073, 0.07980085133644481, 0.07832393381424506, 0.08132228274184106, 0.0924903095445646, 0.09813005331850175, 0.0991234823377796, 0.1119570749971973, 0.09311944041681368, 0.09297104149273315, 0.07452262561533592, 0.0904571919072135, 0.09199568345611714, 0.09293106891228019, 0.08238082872746885, 0.10026998548896475, 0.08619430236419542, 0.09723805350345141]
acc: [0.7911666666666667, 0.9829166666666667, 0.9857833333333333, 0.9875166666666667, 0.9888333333333333, 0.9891666666666666, 0.98985, 0.9889333333333333, 0.9895666666666667, 0.9905666666666667, 0.9914166666666666, 0.9911333333333333, 0.9905833333333334, 0.9916666666666667, 0.993, 0.993, 0.99265, 0.9925, 0.9926833333333334, 0.9923833333333333, 0.9932166666666666, 0.9931833333333333, 0.9943833333333333, 0.9935166666666667, 0.9935166666666667, 0.9936166666666667, 0.9941, 0.9931, 0.9940833333333333, 0.9933333333333333]